01_10_bin.graph 4 6
02_10_bin.graph 5 9
03_10_bin.graph 6 8
04_10_bin.graph 0 3 6
05_10_bin.graph 2 4 7
06_50_bin.graph 6 14 38 42
07_50_bin.graph 7 10 35 36
08_50_bin.graph 13 15 18 22 43
09_50_bin.graph 16 18 24 33
10_50_bin.graph 2 14 25 33 39
11_100_bin.graph 19 27 31 33 84 86
12_100_bin.graph 1 3 35 39 77 78
13_100_bin.graph 3 7 51 93
14_100_bin.graph 9 31 53 63 68 99
15_100_bin.graph 10 36 44 63 66 99
16_10_paw.graph 0 1 7
17_10_paw.graph 2 8 9
18_10_paw.graph 0 1
19_10_paw.graph 2 3
20_10_paw.graph 2 6 7 9
21_50_paw.graph 2 8 11 14 17 21 24 26 38 40 41 44 45 46 49
22_50_paw.graph 2 4 9 11 13 23 24 30 32 33 36 39 41 42 43 45 46 49
23_50_paw.graph 3 5 8 9 13 14 17 18 20 23 33 38 48 49
24_50_paw.graph 3 4 5 13 15 19 23 25 29 32 36 44 45 48
25_50_paw.graph 2 3 9 15 21 22 23 26 27 31 33 41 42 43 48
26_100_paw.graph 0 1 10 12 14 24 30 34 38 39 40 41 44 45 46 47 48 49 50 52 53 56 57 60 64 67 68 73 76 88 89 90 93 95
27_100_paw.graph 2 12 13 17 19 20 24 29 31 35 38 41 43 48 54 58 61 66 67 69 74 77 81 82 85 86 87 90 93 99
28_100_paw.graph 0 1 6 12 18 24 28 29 30 31 34 36 38 43 47 51 53 57 61 65 70 71 73 76 79 85 99
29_100_paw.graph 2 7 8 10 12 16 24 25 29 30 31 32 36 37 40 43 45 47 48 52 55 57 58 64 77 83 86 87 92 93 96
30_100_paw.graph 0 1 12 15 16 23 24 30 32 34 38 46 54 56 60 61 65 75 76 77 79 84 91 94 97 99
31_10_reg.graph 0 1 3 5 7
32_10_reg.graph 0 1 2 4 9
33_10_reg.graph 0 1 3 4 6
34_10_reg.graph 1 3 4 5 9
35_10_reg.graph 0 3 4 5 8
36_50_reg.graph 0 1 2 5 8 9 11 13 14 18 20 23 24 25 26 28 32 35 36 42 43 45 48
37_50_reg.graph 0 1 2 4 6 7 8 10 11 15 17 19 22 23 26 27 28 30 32 39 41 42 47
38_50_reg.graph 1 3 4 6 7 8 9 11 12 15 17 18 20 21 22 23 24 25 26 31 32 33 38
39_50_reg.graph 3 6 7 8 10 11 14 15 16 17 21 24 27 29 31 32 33 34 37 38 39 40 47 48
40_50_reg.graph 0 1 2 5 6 7 8 9 11 13 14 17 20 21 24 25 26 34 35 42 43 46 49
41_100_reg.graph 0 2 3 4 7 10 11 12 14 18 19 20 23 24 25 26 30 32 34 37 39 40 41 44 45 49 51 52 54 56 58 60 68 69 70 71 73 74 77 80 82 89 90 92 93 98
42_100_reg.graph 1 2 3 5 7 10 12 14 15 17 19 20 23 24 25 27 29 31 36 39 40 41 43 44 46 48 49 50 54 58 59 61 64 65 66 67 70 73 77 79 81 85 88 92 93 98 99
43_100_reg.graph 0 1 2 3 4 6 7 8 9 10 13 14 16 18 20 21 23 25 26 27 32 33 34 37 39 41 49 50 52 54 55 57 60 62 63 67 69 70 71 74 76 77 81 82 83 87 92 94
44_100_reg.graph 0 3 4 5 6 7 8 9 12 16 17 18 21 23 25 29 30 31 32 33 34 36 37 38 40 41 42 43 46 48 51 54 55 56 57 58 60 72 74 83 87 94 95 96 98
45_100_reg.graph 1 2 4 6 11 12 13 14 15 16 18 19 22 23 24 25 27 29 33 34 35 36 37 39 41 43 44 49 55 56 59 60 62 63 65 67 68 69 75 78 91 92 94 96 97
