01_10_bin.graph 5 8 9
02_10_bin.graph 1 2 7
03_10_bin.graph 6 8
04_10_bin.graph 0 3 6
05_10_bin.graph 2 4 7
06_50_bin.graph 17 19 29 38
07_50_bin.graph 6 7 11 12 20
08_50_bin.graph 7 12 13 40 44 48
09_50_bin.graph 21 33 40 45
10_50_bin.graph 14 31 38 43
11_100_bin.graph 21 27 62 78 90
12_100_bin.graph 3 4 32 46 59 88
13_100_bin.graph 3 50 66 88 93
14_100_bin.graph 35 47 53 59 60
15_100_bin.graph 13 44 46 61 66 70 90
16_10_paw.graph 0 1 7
17_10_paw.graph 2 8 9
18_10_paw.graph 0 1
19_10_paw.graph 2 3
20_10_paw.graph 2 6 7 9
21_50_paw.graph 2 8 11 14 17 21 24 26 38 40 41 44 45 46 49
22_50_paw.graph 2 4 9 11 13 23 24 30 32 33 36 39 41 42 43 45 46 49
23_50_paw.graph 2 6 7 8 10 12 13 16 18 19 25 26 28 30 33 34 39 43 44
24_50_paw.graph 0 1 8 10 20 21 22 24 25 26 28 36 39 40 41 42 43 46 47 48
25_50_paw.graph 0 1 6 7 8 11 12 19 20 24 25 28 33 34 38 40 44 46 47
26_100_paw.graph 0 1 10 18 21 24 25 30 34 35 38 39 41 44 45 47 48 49 50 52 56 57 60 61 67 68 73 76 79 82 83 86 89 93 95 99
27_100_paw.graph 2 17 19 20 25 29 31 32 35 38 43 44 48 51 54 57 58 61 64 66 67 69 74 77 82 83 85 86 87 90 93 99
28_100_paw.graph 0 1 10 11 12 14 18 21 24 29 30 34 36 43 45 53 57 58 60 65 66 70 71 73 79 83 85 87 93 95 99
29_100_paw.graph 2 8 10 12 16 18 25 29 30 31 37 40 42 45 47 52 53 55 57 58 64 68 69 70 76 77 81 82 83 85 86 87 92 93 94 96
30_100_paw.graph 0 1 12 16 20 23 24 30 32 38 40 46 54 56 60 61 65 75 76 77 84 91 94 97 99
31_10_reg.graph 0 1 3 5 7
32_10_reg.graph 0 1 2 4 9
33_10_reg.graph 0 1 3 4 6
34_10_reg.graph 1 3 4 5 9
35_10_reg.graph 0 3 4 5 8
36_50_reg.graph 0 1 2 5 8 9 11 13 14 20 23 24 25 26 28 32 35 36 42 43 45 48 49
37_50_reg.graph 0 1 2 4 5 6 8 10 11 12 15 17 19 22 23 26 27 28 31 32 36 39 41 42
38_50_reg.graph 1 2 3 4 6 8 9 11 12 15 17 18 20 21 23 24 25 26 28 32 33 38 43
39_50_reg.graph 3 6 7 8 10 11 14 15 16 17 21 23 24 27 31 32 33 34 37 39 40 41 47 48
40_50_reg.graph 0 2 3 5 6 7 8 9 11 13 14 17 20 21 24 25 26 34 35 42 43 46 49
41_100_reg.graph 0 2 3 4 7 10 11 12 14 18 19 20 24 25 26 29 30 34 36 38 41 44 46 49 52 53 54 56 60 63 64 69 72 73 74 76 77 78 80 84 85 86 89 90 93 94 98
42_100_reg.graph 1 2 3 5 7 8 10 12 13 14 15 17 19 20 23 24 25 27 29 31 39 40 41 43 44 48 50 54 56 58 59 62 63 64 65 66 67 70 73 77 79 81 82 88 91 93 95 98 99
43_100_reg.graph 0 1 2 3 4 8 9 10 13 14 15 16 18 20 21 23 25 26 27 32 33 34 37 39 49 50 52 54 55 57 60 62 63 67 69 70 71 74 75 76 77 81 82 83 86 87 92 94
44_100_reg.graph 0 3 5 6 8 10 12 18 20 23 25 29 30 31 33 37 38 39 40 41 42 43 46 47 48 51 52 53 54 55 56 57 58 60 66 72 74 76 77 79 83 87 88 90 94 99
45_100_reg.graph 2 3 4 6 8 11 12 14 15 16 18 19 22 23 24 27 29 33 34 35 36 37 39 41 43 44 49 51 56 58 59 60 62 63 65 67 68 69 74 75 78 80 91 92 94 96 97
