01_10_bin.graph 4 6
02_10_bin.graph 5 9
03_10_bin.graph 6 8
04_10_bin.graph 6 7
05_10_bin.graph 2 4 7
06_50_bin.graph 17 19 29 38
07_50_bin.graph 7 10 11 35
08_50_bin.graph 9 13 18 38
09_50_bin.graph 12 20 33 35
10_50_bin.graph 14 31 38 43
11_100_bin.graph 12 19 27 34
12_100_bin.graph 3 5 11 32 88
13_100_bin.graph 3 50 66 88 93
14_100_bin.graph 35 47 53 59 60
15_100_bin.graph 33 44 50 64
16_10_paw.graph 0 1 7
17_10_paw.graph 2 8 9
18_10_paw.graph 0 1
19_10_paw.graph 2 3
20_10_paw.graph 2 6 7 9
21_50_paw.graph 2 8 11 14 17 21 24 26 38 40 41 44 45 46 49
22_50_paw.graph 2 4 9 11 13 23 24 30 32 33 36 39 41 42 43 45 46 49
23_50_paw.graph 3 5 8 13 14 16 17 18 28 33 38 42 44 48
24_50_paw.graph 3 5 6 13 19 21 24 25 29 37 39 44 45 48
25_50_paw.graph 2 3 9 15 21 22 23 31 41 42 43 47 48 49
26_100_paw.graph 0 1 10 14 21 24 25 30 34 35 38 39 41 44 45 46 47 48 49 50 52 56 57 60 61 67 68 73 76 83 86 89 93 95 99
27_100_paw.graph 2 12 13 17 19 20 24 25 29 31 35 38 43 48 54 58 59 61 66 69 74 77 81 82 85 86 87 90 93 99
28_100_paw.graph 0 1 6 12 18 24 28 29 30 31 34 36 38 43 51 53 57 61 65 67 70 71 73 76 79 85 99
29_100_paw.graph 2 7 8 10 12 16 24 29 31 32 36 37 40 45 46 47 55 57 58 64 65 70 77 83 86 87 92 93 96
30_100_paw.graph 0 1 12 16 20 23 24 30 32 38 40 46 54 56 60 61 65 75 76 77 84 91 94 97 99
31_10_reg.graph 0 3 5 6
32_10_reg.graph 1 4 8 9
33_10_reg.graph 0 1 3 5
34_10_reg.graph 3 5 7 9
35_10_reg.graph 0 4 6 8
36_50_reg.graph 0 1 5 8 11 14 16 17 21 24 26 28 30 31 36 37 40 45 49
37_50_reg.graph 1 3 4 6 8 12 13 15 16 19 20 22 23 25 27 28 30 31 32 34 37
38_50_reg.graph 1 2 4 5 9 11 15 18 20 21 23 25 28 32 33 35 39 43 44 45
39_50_reg.graph 1 2 3 8 10 12 13 14 15 16 17 21 22 25 27 29 30 33 37 47
40_50_reg.graph 1 2 5 7 11 13 16 17 19 20 24 25 26 34 35 37 42 43 46 49
41_100_reg.graph 0 1 2 3 4 7 10 13 18 20 23 24 25 26 32 36 37 39 40 43 48 50 52 56 64 66 71 73 82 83 84 87 88 89 91 92 93 94 98
42_100_reg.graph 2 3 5 13 14 15 17 19 20 23 24 27 31 34 39 41 43 44 48 49 50 54 55 61 62 64 65 66 68 70 73 75 77 78 79 82 84 86 94 98 99
43_100_reg.graph 0 2 4 7 9 10 12 13 16 20 22 23 25 27 30 34 36 37 38 39 40 52 54 60 62 65 68 69 71 72 75 78 80 84 86 93 95 96 97 98
44_100_reg.graph 0 3 4 8 9 10 11 13 16 17 18 25 29 30 34 36 37 38 39 41 42 43 45 46 47 48 55 56 57 58 60 69 72 74 80 81 83 87 88 97
45_100_reg.graph 1 3 4 10 11 12 13 14 15 16 18 19 22 23 24 27 28 29 34 35 36 37 38 41 43 44 51 53 56 59 61 65 67 68 69 71 73 77 78
