28278740 [2, 2, 7, 5, 73, 2767]
28278741 [3, 29, 325043]
28278742 [2, 109, 129719]
28278743 [28278743]
28278744 [2, 2, 2, 3, 13, 389, 233]
28278745 [19, 5, 11, 27061]
28278746 [2, 1201, 193, 61]
28278747 [3, 3, 3, 7, 149623]
28278748 [2, 2, 7069687]
28278749 [3571, 7919]
28278750 [3, 5, 5, 5, 2, 5, 7541]
28278751 [28278751]
28278752 [2, 2, 2, 2, 2, 17, 229, 227]
28278753 [3, 23, 23, 103, 173]
28278754 [2, 7, 2019911]
28278755 [2473, 5, 2287]
28278756 [2, 2, 11, 3, 3, 71411]
28278757 [13, 67, 32467]
28278758 [2, 31, 456109]
28278759 [3, 59, 197, 811]
